4.794779300689697	-0.5000082169364803	27.634595444710765	1.4389599889981388e-15	126.5
4.844788074493408	-0.5056896944261114	27.87669175576483	1.4389599889981388e-15	126.5
4.894519567489624	-0.5168470194245569	28.361030630135158	1.4695761589768226e-15	126.0
4.944453001022339	-0.5168470194245569	28.361030630135158	1.4695761589768226e-15	126.0
4.994405031204224	-0.5223795949851351	28.60327017098159	1.5001923289555064e-15	125.5
5.044692516326904	-0.5279180424104092	28.845554558435964	1.5001923289555064e-15	125.5
5.0945210456848145	-0.5389647809063854	29.3282893877254	1.5308084989341901e-15	125.0
5.144671201705933	-0.5389647809063854	29.3282893877254	1.5308084989341901e-15	125.0
5.194535493850708	-0.5500867149238415	29.808581190989734	1.561424668912874e-15	124.5
5.2446794509887695	-0.5500867149238415	29.808581190989734	1.561424668912874e-15	124.5
5.294521331787109	-0.5612745292769907	30.28643948651329	1.5920408388915577e-15	124.0
5.344567537307739	-0.5612745292769907	30.28643948651329	1.5920408388915577e-15	124.0
5.394519805908203	-0.5723969141353088	30.761879326361385	1.6226570088702415e-15	123.5
5.44468092918396	-0.5723969141353088	30.761879326361385	1.6226570088702415e-15	123.5
5.4945385456085205	-0.5832391684546708	31.23491885215156	1.6532731788489253e-15	123.0
5.544657945632935	-0.5832391684546708	31.23491885215156	1.6532731788489253e-15	123.0
5.594529390335083	-0.59353093253608	31.70557706807876	1.683889348827609e-15	122.5
5.644643306732178	-0.59353093253608	31.70557706807876	1.683889348827609e-15	122.5
5.6945273876190186	-0.6029661256569648	32.17387188380738	1.7145055188062929e-15	122.0
5.744687080383301	-0.6029661256569648	32.17387188380738	1.7145055188062929e-15	122.0
5.794528961181641	-0.6112172731591453	32.63981843450926	1.7451216887849767e-15	121.5
5.844666481018066	-0.6112172731591453	32.63981843450926	1.7451216887849767e-15	121.5
5.894604206085205	-0.6179457954565245	33.103427662162545	1.7757378587636604e-15	121.0
5.944592714309692	-0.6179457954565245	33.103427662162545	1.7757378587636604e-15	121.0
5.994412660598755	-0.6206321238657448	33.33435775661363	1.8063540287423442e-15	120.5
6.044683933258057	-0.6228094993702012	33.56470513090954	1.8063540287423442e-15	120.5
6.094517707824707	-0.6254677688088922	34.023650053576944	1.836970198721028e-15	120.0
6.144700288772583	-0.6254677688088922	34.023650053576944	1.836970198721028e-15	120.0
6.194590091705322	-0.6258647752229989	34.25224562824442	1.8675863686997118e-15	119.5
6.244733095169067	-0.6255852076211506	34.480254495123354	1.8675863686997118e-15	119.5
6.294915199279785	-0.6228341661282747	34.934502725933854	1.8982025386783956e-15	119.0
6.344713926315308	-0.6228341661282747	34.934502725933854	1.8982025386783956e-15	119.0
6.394620418548584	-0.6202831343751839	35.160736085277485	1.9288187086570794e-15	118.5
6.4446938037872314	-0.6168964877476245	35.38637070209038	1.9288187086570794e-15	118.5
6.494941711425781	-0.6074647263190688	35.83582565453692	1.959434878635763e-15	118.0
6.544607162475586	-0.6074647263190688	35.83582565453692	1.959434878635763e-15	118.0
6.594402074813843	-0.6013456302284279	36.059635541191845	1.990051048614447e-15	117.5
6.6447296142578125	-0.5942429929059475	36.2828257728631	1.990051048614447e-15	117.5
6.69455361366272	-0.5769475452407105	36.727319972236224	2.0206672185931307e-15	117.0
6.744672060012817	-0.5769475452407105	36.727319972236224	2.0206672185931307e-15	117.0
6.794581413269043	-0.5666869346614457	36.94860881178065	2.0512833885718145e-15	116.5
6.844720840454102	-0.5553072003805007	37.16924773428917	2.0512833885718145e-15	116.5
6.894543170928955	-0.5290636277027465	37.60853901458355	2.0818995585504983e-15	116.0
6.9446938037872314	-0.5290636277027465	37.60853901458355	2.0818995585504983e-15	116.0
6.994530439376831	-0.49797156252496516	38.045114210686386	2.112515728529182e-15	115.5
7.044683933258057	-0.4805343134391358	38.262355792678974	2.112515728529182e-15	115.5
7.094553709030151	-0.4617989685228019	38.478884185998304	2.143131898507866e-15	115.0
7.1445770263671875	-0.4617989685228019	38.478884185998304	2.143131898507866e-15	115.0
7.194719552993774	-0.44173861157420935	38.6946867712621	2.1737480684865497e-15	114.5
7.244771480560303	-0.4203271684146879	38.909750345315665	2.1737480684865497e-15	114.5
7.2945427894592285	-0.37335095612455893	39.33760475875346	2.2043642384652335e-15	114.0
7.344631671905518	-0.37335095612455893	39.33760475875346	2.2043642384652335e-15	114.0
7.394773721694946	-0.34773827733977386	39.55036632102345	2.2349804084439172e-15	113.5
7.444732666015625	-0.32067869913936364	39.76233033114468	2.2349804084439172e-15	113.5
7.49453330039978	-0.2621324365524836	40.18380101440057	2.265596578422601e-15	113.0
7.54465913772583	-0.2621324365524836	40.18380101440057	2.265596578422601e-15	113.0
7.594515323638916	-0.23060470254855858	40.39327399599043	2.296212748401285e-15	112.5
7.64468240737915	-0.19754797597330126	40.60188206059207	2.296212748401285e-15	112.5
7.694607257843018	-0.12677499083221982	41.01643031371764	2.3268289183799686e-15	112.0
7.744730234146118	-0.12677499083221982	41.01643031371764	2.3268289183799686e-15	112.0
7.794622421264648	-0.04967711843618566	41.42729453827227	2.3574450883586524e-15	111.5
7.8445634841918945	-0.04967711843618566	41.42729453827227	2.3574450883586524e-15	111.5
7.894523859024048	0.033867941699673866	41.83431578283937	2.388061258337336e-15	111.0
7.9446799755096436	0.033867941699673866	41.83431578283937	2.388061258337336e-15	111.0
7.994528532028198	0.12396833029826607	42.237327777000665	2.41867742831602e-15	110.5
8.044680833816528	0.12396833029826607	42.237327777000665	2.41867742831602e-15	110.5
8.094369173049927	0.17150667140564177	42.437276449229415	2.4492935982947038e-15	110.0
8.14468240737915	0.2207179329966776	42.636157359906456	2.4492935982947038e-15	110.0
8.194527626037598	0.32419628897023395	43.03062493887457	2.4799097682733875e-15	109.5
8.244609594345093	0.32419628897023395	43.03062493887457	2.4799097682733875e-15	109.5
8.294531345367432	0.4344685053916886	43.420544976395824	2.5105259382520713e-15	109.0
8.34460973739624	0.4344685053916886	43.420544976395824	2.5105259382520713e-15	109.0
8.394498825073242	0.5515851797109007	43.80572650391958	2.541142108230755e-15	108.5
8.444636106491089	0.5515851797109007	43.80572650391958	2.541142108230755e-15	108.5
8.494511604309082	0.6770386664820726	44.18977170570112	2.571758278209439e-15	108.0
8.544616222381592	0.6770386664820726	44.18977170570112	2.571758278209439e-15	108.0
8.59453797340393	0.8114035506319057	44.5735870170173	2.6023744481881227e-15	107.5
8.644686698913574	0.8114035506319057	44.5735870170173	2.6023744481881227e-15	107.5
8.694435834884644	0.8819726491008198	44.76531132039728	2.6329906181668065e-15	107.0
8.744696140289307	0.9548271617368712	44.9568673240354	2.6329906181668065e-15	107.0
8.794755220413208	1.0299708757134285	45.148181946912814	2.6636067881454903e-15	106.5
8.844768524169922	1.1074242078580558	45.33921896179151	2.6636067881454903e-15	106.5
8.89475131034851	1.1871893928639334	45.52990430598511	2.694222958124174e-15	106.0
8.944741010665894	1.2692859004778994	45.720200465860806	2.694222958124174e-15	106.0
8.994512557983398	1.4405291578861932	46.09943490761495	2.724839128102858e-15	105.5
9.044612646102905	1.4405291578861932	46.09943490761495	2.724839128102858e-15	105.5
9.09456491470337	1.6212400344445212	46.4764994260148	2.7554552980815416e-15	105.0
9.144644260406494	1.6212400344445212	46.4764994260148	2.7554552980815416e-15	105.0
9.194736003875732	1.715187442212453	46.66411727864618	2.7860714680602254e-15	104.5
9.244767427444458	1.8115291712309922	46.85103505982065	2.7860714680602254e-15	104.5
9.294545650482178	2.0114513534300893	47.22260312120295	2.816687638038909e-15	104.0
9.344613790512085	2.0114513534300893	47.22260312120295	2.816687638038909e-15	104.0
9.394779205322266	2.115057480624816	47.407168255646674	2.847303808017593e-15	103.5
9.444767713546753	2.221109238567789	47.590863056385665	2.847303808017593e-15	103.5
9.49472951889038	2.3295939101022225	47.77360946239214	2.8779199779962768e-15	103.0
9.544744968414307	2.4405206999658633	47.95536341088137	2.8779199779962768e-15	103.0
9.594534635543823	2.6697323424366735	48.315715251775586	2.9085361479749606e-15	102.5
9.64466667175293	2.6697323424366735	48.315715251775586	2.9085361479749606e-15	102.5
9.694607257843018	2.908797242594656	48.671556556901955	2.9391523179536443e-15	102.0
9.7445707321167	2.908797242594656	48.671556556901955	2.9391523179536443e-15	102.0
9.795247554779053	3.1576736645146695	49.022422226832454	2.969768487932328e-15	101.5
9.844844818115234	3.1576736645146695	49.022422226832454	2.969768487932328e-15	101.5
9.894927501678467	3.285787340713648	49.19586117025948	3.000384657911012e-15	101.0
9.944829225540161	3.4163521285787777	49.36790842831071	3.000384657911012e-15	101.0
9.994555711746216	3.684802597107948	49.70760835589819	3.0310008278896957e-15	100.5
10.04478931427002	3.684802597107948	49.70760835589819	3.0310008278896957e-15	100.5
10.094534635543823	3.9629193141393952	50.041052073400365	3.0616169978683795e-15	100.0
10.144728899002075	3.9629193141393952	50.041052073400365	3.0616169978683795e-15	100.0
10.194535970687866	4.250660433931547	50.367859576348174	3.0922331678470633e-15	99.5
10.244714736938477	4.250660433931547	50.367859576348174	3.0922331678470633e-15	99.5
10.294909000396729	4.398121855240929	50.52865523795473	3.122849337825747e-15	99.0
10.344900369644165	4.5479650496578605	50.687648148220674	3.122849337825747e-15	99.0
10.394943475723267	4.700148498877227	50.84476258858076	3.153465507804431e-15	98.5
10.444859981536865	4.854660119409132	50.99995093065307	3.153465507804431e-15	98.5
10.494517803192139	5.1706133453153695	51.30435877957215	3.1840816777831146e-15	98.0
10.544679880142212	5.1706133453153695	51.30435877957215	3.1840816777831146e-15	98.0
10.594512939453125	5.495703373573917	51.60049082177985	3.2146978477617984e-15	97.5
10.64473271369934	5.495703373573917	51.60049082177985	3.2146978477617984e-15	97.5
10.694510221481323	5.829789285887913	51.88796697511501	3.2453140177404822e-15	97.0
10.744730949401855	5.829789285887913	51.88796697511501	3.2453140177404822e-15	97.0
10.794517517089844	6.172710714137343	52.166408653715386	3.275930187719166e-15	96.5
10.84473991394043	6.172710714137343	52.166408653715386	3.275930187719166e-15	96.5
10.894518375396729	6.524287923206416	52.435439529109786	3.3065463576978498e-15	96.0
10.944676637649536	6.524287923206416	52.435439529109786	3.3065463576978498e-15	96.0
10.994805574417114	6.703261000508339	52.56630912776367	3.3371625276765336e-15	95.5
11.045264720916748	7.067442692512899	52.82052511261759	3.3371625276765336e-15	95.5
11.094515562057495	7.252594351107052	52.94377971417011	3.3677786976552174e-15	95.0
11.144761323928833	7.252594351107052	52.94377971417011	3.3677786976552174e-15	95.0
11.194677114486694	7.439746592391345	53.064404723476116	3.398394867633901e-15	94.5
11.244771242141724	7.628867961723769	53.182355077236686	3.398394867633901e-15	94.5
11.294511556625366	8.012886356668615	53.41005350447722	3.429011037612585e-15	94.0
11.3447105884552	8.012886356668615	53.41005350447722	3.429011037612585e-15	94.0
11.39451265335083	8.404374337939645	53.62652264730465	3.4596272075912687e-15	93.5
11.44478440284729	8.404374337939645	53.62652264730465	3.4596272075912687e-15	93.5
11.494742631912231	8.602828319768221	53.73043815090015	3.4902433775699525e-15	93.0
11.544458150863647	8.803038062874393	53.83141764698958	3.4902433775699525e-15	93.0
11.594500064849854	9.208565280059426	54.02440205849515	3.5208595475486363e-15	92.5
11.644599914550781	9.208565280059426	54.02440205849515	3.5208595475486363e-15	92.5
11.694968938827515	9.41380015401209	54.11632518308122	3.55147571752732e-15	92.0
11.744933128356934	9.620625609353837	54.20514877626583	3.55147571752732e-15	92.0
11.794910192489624	9.82899756943057	54.29083356071433	3.582091887506004e-15	91.5
11.844714879989624	10.038830958922576	54.37332908427275	3.582091887506004e-15	91.5
11.894559144973755	10.462695891405023	54.52860486312494	3.612708057484688e-15	91.0
11.944803953170776	10.462695891405023	54.52860486312494	3.612708057484688e-15	91.0
11.99476933479309	10.676631686966918	54.601313479174884	3.6433242274633714e-15	90.5
12.044544219970703	10.891837461399549	54.670689592406575	3.6433242274633714e-15	90.5
12.094385862350464	11.10826275993214	54.73669957068701	3.673940397442055e-15	90.0
12.144773960113525	11.32585613412658	54.799310692833444	3.673940397442055e-15	90.0
12.19499397277832	11.54456516328949	54.858491169524	3.704556567420739e-15	89.5
12.244679689407349	11.76433647598317	54.914210164599666	3.704556567420739e-15	89.5
12.294548273086548	12.206847842985699	55.01514526065219	3.735172737399423e-15	89.0
12.344751358032227	12.206847842985699	55.01514526065219	3.735172737399423e-15	89.0
12.394534826278687	12.652945080758844	55.101889177697025	3.7657889073781066e-15	88.5
12.444550514221191	12.652945080758844	55.101889177697025	3.7657889073781066e-15	88.5
12.494530200958252	13.102169245281866	55.17423175134859	3.79640507735679e-15	88.0
12.544647932052612	13.102169245281866	55.17423175134859	3.79640507735679e-15	88.0
12.59453010559082	13.55392361540905	55.2319752798919	3.827021247335474e-15	87.5
12.644629716873169	13.55392361540905	55.2319752798919	3.827021247335474e-15	87.5
12.69453501701355	14.0076835356284	55.27494892792657	3.857637417314158e-15	87.0
12.744662761688232	14.0076835356284	55.27494892792657	3.857637417314158e-15	87.0
12.794739484786987	14.23516156337193	55.29084986747734	3.888253587292842e-15	86.5
12.844764232635498	14.462954832341396	55.303004219839664	3.888253587292842e-15	86.5
12.89474081993103	14.690999961743051	55.31139656555802	3.9188697572715255e-15	86.0
12.944760799407959	14.919232984801784	55.316012760999726	3.9188697572715255e-15	86.0
12.995187282562256	15.375962654483878	55.31387096371275	3.949485927250209e-15	85.5
13.04469633102417	15.375962654483878	55.31387096371275	3.949485927250209e-15	85.5
13.094533443450928	15.832498410965936	55.296507922693635	3.980102097228893e-15	85.0
13.14465856552124	15.832498410965936	55.296507922693635	3.980102097228893e-15	85.0
13.194615840911865	16.288313094618285	55.26386456683569	4.010718267207577e-15	84.5
13.245756149291992	16.515783603130075	55.24180043817223	4.010718267207577e-15	84.5
13.294529676437378	16.74287346031145	55.21590423225892	4.041334437186261e-15	84.0
13.344676971435547	16.74287346031145	55.21590423225892	4.041334437186261e-15	84.0
13.394514560699463	17.195641255870584	55.15261267314203	4.0719506071649445e-15	83.5
13.444652080535889	17.195641255870584	55.15261267314203	4.0719506071649445e-15	83.5
13.494530200958252	17.64595393328042	55.07403083926942	4.102566777143628e-15	83.0
13.544675827026367	17.64595393328042	55.07403083926942	4.102566777143628e-15	83.0
13.594527959823608	18.093229211921457	54.98020557701777	4.133182947122312e-15	82.5
13.644872188568115	18.093229211921457	54.98020557701777	4.133182947122312e-15	82.5
13.694534063339233	18.536924105249373	54.871197374580625	4.163799117100996e-15	82.0
13.744693040847778	18.536924105249373	54.871197374580625	4.163799117100996e-15	82.0
13.79469633102417	18.976495371222896	54.74709008919917	4.19441528707968e-15	81.5
13.8446524143219	18.976495371222896	54.74709008919917	4.19441528707968e-15	81.5
13.89602541923523	19.41128603397959	54.60803966270686	4.2250314570583634e-15	81.0
13.94464659690857	19.41128603397959	54.60803966270686	4.2250314570583634e-15	81.0
13.99461817741394	19.626710166442344	54.53296619518983	4.255647627037047e-15	80.5
14.044613361358643	19.840739738781906	54.45424009604633	4.255647627037047e-15	80.5
14.094536781311035	20.264359788804597	54.28597850620073	4.286263797015731e-15	80.0
14.144556283950806	20.264359788804597	54.28597850620073	4.286263797015731e-15	80.0
14.194676160812378	20.681651072863712	54.103598403288224	4.316879966994415e-15	79.5
14.244625568389893	20.681651072863712	54.103598403288224	4.316879966994415e-15	79.5
14.294552087783813	21.092116504123393	53.90766108636367	4.3474961369730985e-15	79.0
14.344666242599487	21.092116504123393	53.90766108636367	4.3474961369730985e-15	79.0
14.394720554351807	21.294685257049398	53.80480493971541	4.378112306951782e-15	78.5
14.444580316543579	21.495442389756615	53.698801040782826	4.378112306951782e-15	78.5
14.494678258895874	21.694403018418324	53.58971340514974	4.408728476930466e-15	78.0
14.544781684875488	21.891484230237232	53.47767788588156	4.408728476930466e-15	78.0
14.594617128372192	22.280046838687966	53.24507915452115	4.43934464690915e-15	77.5
14.644625186920166	22.280046838687966	53.24507915452115	4.43934464690915e-15	77.5
14.694525003433228	22.661315888118892	53.00159004120113	4.469960816887834e-15	77.0
14.744631052017212	22.661315888118892	53.00159004120113	4.469960816887834e-15	77.0
14.794918060302734	23.035142192698505	52.748089606295956	4.5005769868665175e-15	76.5
14.844620943069458	23.035142192698505	52.748089606295956	4.5005769868665175e-15	76.5
14.894502878189087	23.401569788726448	52.485343697650784	4.531193156845201e-15	76.0
14.944658041000366	23.401569788726448	52.485343697650784	4.531193156845201e-15	76.0
14.994754314422607	23.58205706159813	52.350721520197254	4.561809326823885e-15	75.5
15.044718027114868	23.760757638593304	52.214046196454255	4.561809326823885e-15	75.5
15.09449815750122	24.112905722214094	51.93486445353076	4.592425496802569e-15	75.0
15.144653081893921	24.112905722214094	51.93486445353076	4.592425496802569e-15	75.0
15.194714546203613	24.286411892327155	51.79251749249151	4.623041666781253e-15	74.5
15.244681358337402	24.458248327283897	51.648436206059	4.623041666781253e-15	74.5
15.294504880905151	24.796988636172376	51.35542552671611	4.6536578367599364e-15	74.0
15.34462594985962	24.796988636172376	51.35542552671611	4.6536578367599364e-15	74.0
15.39450740814209	25.12923743633822	51.05658083618447	4.68427400673862e-15	73.5
15.444588422775269	25.2930534662068	50.90511304647924	4.68427400673862e-15	73.5
15.494503498077393	25.45539356765047	50.75235947697798	4.714890176717304e-15	73.0
15.544657468795776	25.45539356765047	50.75235947697798	4.714890176717304e-15	73.0
15.594555616378784	25.77581031660252	50.443246503473304	4.745506346695988e-15	72.5
15.644536018371582	25.77581031660252	50.443246503473304	4.745506346695988e-15	72.5
15.69453477859497	26.09073809156557	50.12981693521443	4.7761225166746716e-15	72.0
15.744779348373413	26.24624085567149	49.97163849949474	4.7761225166746716e-15	72.0
15.794347763061523	26.24624085567149	49.97163849949474	4.806738686653355e-15	71.5
15.844531774520874	26.400494639289896	49.81255759933647	4.806738686653355e-15	71.5
15.894687175750732	26.55354364853664	49.65262717715981	4.837354856632039e-15	71.0
15.944733142852783	26.705432307898317	49.49189860717785	4.837354856632039e-15	71.0
15.99471378326416	26.856177712364246	49.3304526306187	4.867971026610723e-15	70.5
16.044727325439453	27.00582483614249	49.168337625811084	4.867971026610723e-15	70.5
16.094530820846558	27.302004270807853	48.84228704511398	4.898587196589407e-15	70.0
16.144689083099365	27.302004270807853	48.84228704511398	4.898587196589407e-15	70.0
16.194533348083496	27.594330188761056	48.51410659001166	4.9292033665680905e-15	69.5
16.244636058807373	27.594330188761056	48.51410659001166	4.9292033665680905e-15	69.5
16.29455018043518	27.883160339079073	48.184135826887925	4.959819536546774e-15	69.0
16.34467339515686	27.883160339079073	48.184135826887925	4.959819536546774e-15	69.0
16.39453387260437	28.16884930354487	47.85269576531781	4.990435706525458e-15	68.5
16.44462251663208	28.16884930354487	47.85269576531781	4.990435706525458e-15	68.5
16.49452829360962	28.451747357760887	47.52009043142608	5.021051876504142e-15	68.0
16.544672966003418	28.451747357760887	47.52009043142608	5.021051876504142e-15	68.0
16.59464192390442	28.59228436846548	47.35340985438254	5.051668046482826e-15	67.5
16.644678115844727	28.732278896199777	47.18651347201447	5.051668046482826e-15	67.5
16.694512605667114	29.01070226752191	46.85233529597359	5.0822842164615094e-15	67.0
16.744624853134155	29.01070226752191	46.85233529597359	5.0822842164615094e-15	67.0
16.794861316680908	29.149187878785927	46.685150593419976	5.112900386440193e-15	66.5
16.84471321105957	29.28724427002845	46.51794442839479	5.112900386440193e-15	66.5
16.894572019577026	29.56236284171508	46.183432062631894	5.143516556418877e-15	66.0
16.9446280002594	29.56236284171508	46.183432062631894	5.143516556418877e-15	66.0
16.99454379081726	29.836347743201895	45.84907064901431	5.174132726397561e-15	65.5
17.044541358947754	29.836347743201895	45.84907064901431	5.174132726397561e-15	65.5
17.094451665878296	29.9729851229772	45.68205085333255	5.2047488963762446e-15	65.0
17.144702911376953	30.109427488240424	45.515186434096506	5.2047488963762446e-15	65.0
17.194522619247437	30.38179571714401	45.18212799704092	5.235365066354928e-15	64.5
17.2445330619812	30.38179571714401	45.18212799704092	5.235365066354928e-15	64.5
17.294517040252686	30.653717144518833	44.85014068407444	5.265981236333612e-15	64.0
17.34465193748474	30.653717144518833	44.85014068407444	5.265981236333612e-15	64.0
17.394540071487427	30.92563419411708	44.519243589200116	5.296597406312296e-15	63.5
17.44452142715454	30.92563419411708	44.519243589200116	5.296597406312296e-15	63.5
17.494506120681763	31.197789881416355	44.1896720277955	5.32721357629098e-15	63.0
17.54465103149414	31.197789881416355	44.1896720277955	5.32721357629098e-15	63.0
17.5945303440094	31.47033664925506	43.86174974464952	5.3578297462696635e-15	62.5
17.64457893371582	31.47033664925506	43.86174974464952	5.3578297462696635e-15	62.5
17.69452404975891	31.74358070909381	43.53560902272377	5.388445916248347e-15	62.0
17.744677782058716	31.880522462646965	43.37328598707919	5.388445916248347e-15	62.0
17.794514894485474	32.01770722790271	43.2115029661934	5.419062086227031e-15	61.5
17.844678163528442	32.01770722790271	43.2115029661934	5.419062086227031e-15	61.5
17.894545078277588	32.293002469991066	42.889558933726136	5.449678256205715e-15	61.0
17.944613456726074	32.293002469991066	42.889558933726136	5.449678256205715e-15	61.0
17.994521141052246	32.56962960419999	42.57002460759085	5.480294426184399e-15	60.5
18.044574737548828	32.56962960419999	42.57002460759085	5.480294426184399e-15	60.5
18.094508171081543	32.84785479647145	42.25302477185693	5.5109105961630825e-15	60.0
18.144667148590088	32.84785479647145	42.25302477185693	5.5109105961630825e-15	60.0
18.19459295272827	32.987611038305836	42.09555162382655	5.541526766141766e-15	59.5
18.244657278060913	33.12781880363983	41.938803468258044	5.541526766141766e-15	59.5
18.294512271881104	33.40976709169656	41.627484588910036	5.57214293612045e-15	59.0
18.344650506973267	33.40976709169656	41.627484588910036	5.57214293612045e-15	59.0
18.394512176513672	33.69367253078945	41.31945619731285	5.602759106099134e-15	58.5
18.444541931152344	33.69367253078945	41.31945619731285	5.602759106099134e-15	58.5
18.494518041610718	33.9799673932319	41.014638065811845	5.6333752760778176e-15	58.0
18.544642210006714	33.9799673932319	41.014638065811845	5.6333752760778176e-15	58.0
18.59455943107605	34.26862570779054	40.71338494337329	5.663991446056501e-15	57.5
18.64443016052246	34.26862570779054	40.71338494337329	5.663991446056501e-15	57.5
18.694357872009277	34.413913554731074	40.56412743500566	5.694607616035185e-15	57.0
18.74471616744995	34.559883553564084	40.415794316193185	5.694607616035185e-15	57.0
18.794631242752075	34.70645996534518	40.26849215875618	5.725223786013869e-15	56.5
18.84457516670227	34.853658376019524	40.12224317738964	5.725223786013869e-15	56.5
18.894476652145386	35.15013535221371	39.832856970524176	5.755839955992553e-15	56.0
18.944692850112915	35.15013535221371	39.832856970524176	5.755839955992553e-15	56.0
18.99449586868286	35.44964292277751	39.547626860255576	5.7864561259712365e-15	55.5
19.04458212852478	35.44964292277751	39.547626860255576	5.7864561259712365e-15	55.5
19.09449005126953	35.75208939491945	39.266897043426944	5.81707229594992e-15	55.0
19.144686698913574	35.75208939491945	39.266897043426944	5.81707229594992e-15	55.0
19.19452214241028	36.05749931621752	38.990902355751054	5.847688465928604e-15	54.5
19.24455451965332	36.05749931621752	38.990902355751054	5.847688465928604e-15	54.5
19.294533491134644	36.36575343684745	38.71997660310283	5.878304635907288e-15	54.0
19.344683170318604	36.36575343684745	38.71997660310283	5.878304635907288e-15	54.0
19.394619464874268	36.52097626828561	38.58646368061935	5.908920805885972e-15	53.5
19.44461488723755	36.6769501014045	38.45427175712128	5.908920805885972e-15	53.5
19.494566679000854	36.991341952325826	38.193816995899404	5.9395369758646555e-15	53.0
19.544673919677734	36.991341952325826	38.193816995899404	5.9395369758646555e-15	53.0
19.59463334083557	37.30893639567674	37.938816290267674	5.970153145843339e-15	52.5
19.64452624320984	37.30893639567674	37.938816290267674	5.970153145843339e-15	52.5
19.694388151168823	37.46887600816777	37.81346416049524	6.000769315822023e-15	52.0
19.744706869125366	37.629558272464784	37.68958896066317	6.000769315822023e-15	52.0
19.79452109336853	37.95315801611242	37.446355580806994	6.031385485800707e-15	51.5
19.844554901123047	37.95315801611242	37.446355580806994	6.031385485800707e-15	51.5
19.89454221725464	38.279742789163784	37.20928753167027	6.062001655779391e-15	51.0
19.944674968719482	38.279742789163784	37.20928753167027	6.062001655779391e-15	51.0
19.994622707366943	38.44418915791479	37.09309708015384	6.0926178257580744e-15	50.5
20.044652700424194	38.60941478848184	36.97849034606172	6.0926178257580744e-15	50.5
20.094537258148193	38.94208631325173	36.7541757154538	6.123233995736758e-15	50.0
20.144776105880737	38.94208631325173	36.7541757154538	6.123233995736758e-15	50.0
20.19461703300476	39.109525636302486	36.64450954181364	6.153850165715442e-15	49.5
20.244611978530884	39.277695133900245	36.536531727454744	6.153850165715442e-15	49.5
20.29456090927124	39.61638741790712	36.32562638000059	6.184466335694126e-15	49.0
20.344725131988525	39.61638741790712	36.32562638000059	6.184466335694126e-15	49.0
20.394652605056763	39.786861326470124	36.22275996693827	6.2150825056728096e-15	48.5
20.445000410079956	40.130105056196264	36.0222671059428	6.2150825056728096e-15	48.5
20.494511127471924	40.302934081831346	35.924646591371186	6.245698675651493e-15	48.0
20.544758081436157	40.302934081831346	35.924646591371186	6.245698675651493e-15	48.0
20.594504594802856	40.65096242644832	35.73476384491821	6.276314845630177e-15	47.5
20.64463210105896	40.65096242644832	35.73476384491821	6.276314845630177e-15	47.5
20.694467544555664	41.00220021371348	35.552118047175824	6.306931015608861e-15	47.0
20.744642972946167	41.00220021371348	35.552118047175824	6.306931015608861e-15	47.0
20.79468035697937	41.17897152786018	35.46357213897151	6.337547185587545e-15	46.5
20.8449490070343	41.53464378066329	35.29218465827056	6.337547185587545e-15	46.5
20.89444375038147	41.53464378066329	35.29218465827056	6.3681633555662285e-15	46.0
20.944678783416748	41.71344160976277	35.20941312489526	6.3681633555662285e-15	46.0
20.994752168655396	41.89286268498663	35.1286156910345	6.398779525544912e-15	45.5
21.044461250305176	42.07289277030617	35.04981143006319	6.398779525544912e-15	45.5
21.09434962272644	42.2535960657305	34.97299304147177	6.429395695523596e-15	45.0
21.144683599472046	42.616840274911844	34.82542855083756	6.429395695523596e-15	45.0
21.194506883621216	42.79934834780467	34.75471964586444	6.46001186550228e-15	44.5
21.244643688201904	42.79934834780467	34.75471964586444	6.46001186550228e-15	44.5
21.294496536254883	43.165929685384214	34.61957261632999	6.490628035480964e-15	44.0
21.344651222229004	43.165929685384214	34.61957261632999	6.490628035480964e-15	44.0
21.394659280776978	43.3500474399549	34.55514832988611	6.5212442054596474e-15	43.5
21.4446439743042	43.53471819705655	34.49283997986365	6.5212442054596474e-15	43.5
21.494500398635864	43.90539607612825	34.37469561980271	6.551860375438331e-15	43.0
21.54468297958374	43.90539607612825	34.37469561980271	6.551860375438331e-15	43.0
21.59450340270996	44.27771939148826	34.26528672481712	6.582476545417015e-15	42.5
21.644549131393433	44.27771939148826	34.26528672481712	6.582476545417015e-15	42.5
21.694499254226685	44.65139391601851	34.16475597272935	6.613092715395699e-15	42.0
21.744691133499146	44.65139391601851	34.16475597272935	6.613092715395699e-15	42.0
21.79464054107666	44.83862571081105	34.117863907506255	6.6437088853743826e-15	41.5
21.844611406326294	45.026076249056445	34.0732398332106	6.6437088853743826e-15	41.5
21.89452815055847	45.40191042459087	33.99079548014542	6.674325055353066e-15	41.0
21.944725036621094	45.40191042459087	33.99079548014542	6.674325055353066e-15	41.0
21.994677782058716	45.59024476627046	33.95300063835576	6.70494122533175e-15	40.5
22.044610738754272	45.778823680359864	33.9175070960031	6.70494122533175e-15	40.5
22.094523906707764	46.15648737367999	33.85348057514408	6.735557395310434e-15	40.0
22.14470911026001	46.15648737367999	33.85348057514408	6.735557395310434e-15	40.0
22.194812536239624	46.534650046846316	33.798805544198096	6.766173565289118e-15	39.5
22.244583129882812	46.534650046846316	33.798805544198096	6.766173565289118e-15	39.5
22.294529914855957	46.91297049118617	33.75356338739854	6.7967897352678015e-15	39.0
22.344692945480347	46.91297049118617	33.75356338739854	6.7967897352678015e-15	39.0
22.394715070724487	47.29131048359436	33.71782142696897	6.827405905246485e-15	38.5
22.444637775421143	47.29131048359436	33.71782142696897	6.827405905246485e-15	38.5
22.494545698165894	47.66960794127363	33.69164298328689	6.858022075225169e-15	38.0
22.5446560382843	47.66960794127363	33.69164298328689	6.858022075225169e-15	38.0
22.594528675079346	48.047793378869194	33.67509196908908	6.888638245203853e-15	37.5
22.64452862739563	48.047793378869194	33.67509196908908	6.888638245203853e-15	37.5
22.69452142715454	48.42566548236857	33.66822410998779	6.919254415182537e-15	37.0
22.744641542434692	48.42566548236857	33.66822410998779	6.919254415182537e-15	37.0
22.794572114944458	48.80297599324443	33.67108686191957	6.9498705851612204e-15	36.5
22.844600200653076	48.80297599324443	33.67108686191957	6.9498705851612204e-15	36.5
22.894522190093994	49.1793480770307	33.68370397543226	6.980486755139904e-15	36.0
22.94465661048889	49.1793480770307	33.68370397543226	6.980486755139904e-15	36.0
22.994537353515625	49.55448478668417	33.706098133595354	7.011102925118588e-15	35.5
23.04457974433899	49.55448478668417	33.706098133595354	7.011102925118588e-15	35.5
23.094518184661865	49.9280041616999	33.73826429122961	7.041719095097272e-15	35.0
23.144654512405396	49.9280041616999	33.73826429122961	7.041719095097272e-15	35.0
23.194525480270386	50.29948263388681	33.780173004295605	7.0723352650759556e-15	34.5
23.24458336830139	50.29948263388681	33.780173004295605	7.0723352650759556e-15	34.5
23.294522762298584	50.66873990706066	33.831834071460285	7.102951435054639e-15	34.0
23.344671726226807	50.66873990706066	33.831834071460285	7.102951435054639e-15	34.0
23.394526720046997	51.0355516057349	33.893237541287824	7.133567605033324e-15	33.5
23.44461417198181	51.0355516057349	33.893237541287824	7.133567605033324e-15	33.5
23.494519233703613	51.399770034799076	33.96438997403778	7.164183775012008e-15	33.0
23.544665813446045	51.399770034799076	33.96438997403778	7.164183775012008e-15	33.0
23.594531059265137	51.76116394891566	34.045267150170744	7.194799944990692e-15	32.5
23.64458441734314	51.76116394891566	34.045267150170744	7.194799944990692e-15	32.5
23.69451379776001	52.11957760861276	34.13586682246262	7.225416114969375e-15	32.0
23.744656801223755	52.11957760861276	34.13586682246262	7.225416114969375e-15	32.0
23.794520139694214	52.47488935343421	34.2361980924168	7.256032284948059e-15	31.5
23.844578742980957	52.47488935343421	34.2361980924168	7.256032284948059e-15	31.5
23.894527435302734	52.82628443533941	34.34597490793796	7.286648454926743e-15	31.0
23.944655418395996	52.82628443533941	34.34597490793796	7.286648454926743e-15	31.0
23.994532346725464	53.173417551427185	34.46508801595465	7.317264624905427e-15	30.5
24.04460620880127	53.173417551427185	34.46508801595465	7.317264624905427e-15	30.5
24.094521522521973	53.516172093589184	34.59351730816654	7.34788079488411e-15	30.0
24.14466667175293	53.516172093589184	34.59351730816654	7.34788079488411e-15	30.0
24.194523096084595	53.854427512948575	34.7312386554794	7.378496964862794e-15	29.5
24.244665384292603	53.854427512948575	34.7312386554794	7.378496964862794e-15	29.5
24.29441785812378	54.021797511229586	34.80355776129947	7.409113134841478e-15	29.0
24.344630479812622	54.35285391865048	34.95504139679063	7.409113134841478e-15	29.0
24.394411087036133	54.35285391865048	34.95504139679063	7.439729304820162e-15	28.5
24.44462776184082	54.51647340750229	35.034175616353124	7.439729304820162e-15	28.5
24.494403839111328	54.67877603454756	35.11555025316396	7.470345474798846e-15	28.0
24.54457926750183	54.839728704761114	35.19914868043893	7.470345474798846e-15	28.0
24.594427824020386	54.99933271495023	35.284977162382766	7.50096164477753e-15	27.5
24.64459252357483	55.157554819786284	35.37301823190939	7.50096164477753e-15	27.5
24.69441819190979	55.314361925349445	35.463253897569906	7.531577814756213e-15	27.0
24.744656562805176	55.469721107293495	35.5556656305179	7.531577814756213e-15	27.0
24.7945499420166	55.77635596019302	35.747246779386536	7.562193984734897e-15	26.5
24.84455633163452	55.77635596019302	35.747246779386536	7.562193984734897e-15	26.5
24.894551753997803	56.07731505725429	35.94771432914342	7.59281015471358e-15	26.0
24.944632053375244	56.07731505725429	35.94771432914342	7.59281015471358e-15	26.0
24.994436502456665	56.22557967829006	36.05123276954275	7.623426324692265e-15	25.5
25.04458260536194	56.372321699985456	36.15691470443645	7.623426324692265e-15	25.5
25.09453010559082	56.66110077266425	36.37468739040924	7.654042494670948e-15	25.0
25.14462947845459	56.66110077266425	36.37468739040924	7.654042494670948e-15	25.0
25.19460129737854	56.9432917623753	36.600776531736535	7.684658664649632e-15	24.5
25.244556427001953	56.9432917623753	36.600776531736535	7.684658664649632e-15	24.5
25.294559478759766	57.21860014581889	36.83497393209843	7.715274834628316e-15	24.0
25.344627618789673	57.21860014581889	36.83497393209843	7.715274834628316e-15	24.0
25.394562482833862	57.48676628166948	37.07709046330128	7.745891004607e-15	23.5
25.44464421272278	57.48676628166948	37.07709046330128	7.745891004607e-15	23.5
25.494465351104736	57.61809132301868	37.20105664682619	7.745891004607e-15	23.5
25.544577836990356	57.747535891916534	37.32692730712824	7.745891004607e-15	23.5
25.59447169303894	57.87506911486425	37.45467610327957	7.745891004607e-15	23.5
25.64465856552124	58.00066050826979	37.58427611012278	7.745891004607e-15	23.5
25.694464921951294	58.124354264293665	37.71579890413832	7.745891004607e-15	23.5
25.74479031562805	58.246118883365355	37.84921692341485	7.745891004607e-15	23.5
25.79446268081665	58.365875603792695	37.98443472472662	7.745891004607e-15	23.5
25.844642162322998	58.483594620520314	38.12142360016893	7.745891004607e-15	23.5
25.894474744796753	58.59926925135404	38.26018870121793	7.745891004607e-15	23.5
25.944650888442993	58.712869942476495	38.400700342200906	7.745891004607e-15	23.5
25.99449396133423	58.82434589468204	38.542893272403944	7.745891004607e-15	23.5
26.04477548599243	58.93366896546713	38.686736692062084	7.745891004607e-15	23.5
26.094457626342773	59.04083205197224	38.83223493627936	7.745891004607e-15	23.5
26.144678354263306	59.14580739060208	38.97935621261403	7.745891004607e-15	23.5
26.194490671157837	59.24854822616338	39.12803197637791	7.745891004607e-15	23.5
26.24466037750244	59.3490283294008	39.27822939272975	7.745891004607e-15	23.5
26.294464588165283	59.447240334125084	39.42995192413658	7.745891004607e-15	23.5
26.344654321670532	59.54315849508955	39.583165762090545	7.745891004607e-15	23.5
26.39449667930603	59.636774718026516	39.73787397889173	7.745891004607e-15	23.5
26.444714307785034	59.72806361480124	39.89404189559999	7.745891004607e-15	23.5
26.494462490081787	59.81698423663349	40.05159660448745	7.745891004607e-15	23.5
26.544668436050415	59.903512741609624	40.21050258131782	7.745891004607e-15	23.5
26.594496488571167	59.98764068532011	40.370762112199635	7.745891004607e-15	23.5
26.644832372665405	60.0693447415333	40.53233877577325	7.745891004607e-15	23.5
26.694461584091187	60.14858845849609	40.69515707834937	7.745891004607e-15	23.5
26.74479389190674	60.22535018744786	40.85917982172078	7.745891004607e-15	23.5
26.794548749923706	60.37138090856079	41.19080482043665	7.745891004607e-15	23.5
26.84483242034912	60.37138090856079	41.19080482043665	7.745891004607e-15	23.5
26.89446258544922	60.44059721241418	41.35829117345494	7.745891004607e-15	23.5
26.944713830947876	60.50725100926352	41.52682873627244	7.745891004607e-15	23.5
26.99453616142273	60.632768168562045	41.866781635863106	7.745891004607e-15	23.5
27.044748783111572	60.632768168562045	41.866781635863106	7.745891004607e-15	23.5
27.094529390335083	60.747812539930976	42.21042663700627	7.745891004607e-15	23.5
27.144717693328857	60.747812539930976	42.21042663700627	7.745891004607e-15	23.5
27.194528102874756	60.85228714058199	42.55760099693996	7.745891004607e-15	23.5
27.244811296463013	60.85228714058199	42.55760099693996	7.745891004607e-15	23.5
27.29452919960022	60.946059055819944	42.90789529738229	7.745891004607e-15	23.5
27.344740629196167	60.946059055819944	42.90789529738229	7.745891004607e-15	23.5
27.39452838897705	61.029028083095525	43.261058363062396	7.745891004607e-15	23.5
27.44482183456421	61.029028083095525	43.261058363062396	7.745891004607e-15	23.5
27.494556427001953	61.10111924710819	43.61703671979605	7.745891004607e-15	23.5
27.544649600982666	61.10111924710819	43.61703671979605	7.745891004607e-15	23.5
27.594545125961304	61.16222544512214	43.97532468983952	7.745891004607e-15	23.5
27.644832134246826	61.16222544512214	43.97532468983952	7.745891004607e-15	23.5
27.694556951522827	61.21226335992077	44.33574039742701	7.745891004607e-15	23.5
27.744662761688232	61.21226335992077	44.33574039742701	7.745891004607e-15	23.5
27.79454231262207	61.2511559046501	44.697771667087785	7.745891004607e-15	23.5
27.844849586486816	61.2511559046501	44.697771667087785	7.745891004607e-15	23.5
27.894571542739868	61.27883050910885	45.061230345194424	7.745891004607e-15	23.5
27.94468331336975	61.27883050910885	45.061230345194424	7.745891004607e-15	23.5
27.994568347930908	61.295233694937586	45.42572076926752	7.745891004607e-15	23.5
28.04523539543152	61.29919084428204	45.60826675915765	7.745891004607e-15	23.5
28.094575881958008	61.3003101888276	45.79096688200572	7.745891004607e-15	23.5
28.144670724868774	61.3003101888276	45.79096688200572	7.745891004607e-15	23.5
28.1945641040802	61.29403407121031	46.156528693200926	7.745891004607e-15	23.5
28.2452232837677	61.28662651706028	46.339340529109535	7.745891004607e-15	23.5
28.294543504714966	61.27636742138812	46.52212597539853	7.745891004607e-15	23.5
28.34464693069458	61.27636742138812	46.52212597539853	7.745891004607e-15	23.5
28.394524097442627	61.24731225214319	46.88731702749616	7.745891004607e-15	23.5
28.444855451583862	61.24731225214319	46.88731702749616	7.745891004607e-15	23.5
28.49457049369812	61.20684896534913	47.25181867714186	7.745891004607e-15	23.5
28.54464602470398	61.182348320503806	47.43367293982592	7.745891004607e-15	23.5
28.59456515312195	61.155008069647906	47.61518942377907	7.745891004607e-15	23.5
28.644853115081787	61.155008069647906	47.61518942377907	7.745891004607e-15	23.5
28.694570541381836	61.091788779522595	47.977144479478895	7.745891004607e-15	23.5
28.74466037750244	61.091788779522595	47.977144479478895	7.745891004607e-15	23.5
28.794549703598022	61.01713660251978	48.33758871908137	7.745891004607e-15	23.5
28.844852447509766	61.01713660251978	48.33758871908137	7.745891004607e-15	23.5
28.894562482833862	60.93114511219089	48.696003126839834	7.745891004607e-15	23.5
28.94464898109436	60.93114511219089	48.696003126839834	7.745891004607e-15	23.5
28.994550466537476	60.83380319649989	49.052172387678	7.745891004607e-15	23.5
29.04476046562195	60.83380319649989	49.052172387678	7.745891004607e-15	23.5
29.09455919265747	60.72523517761905	49.40558320128622	7.745891004607e-15	23.5
29.144652843475342	60.72523517761905	49.40558320128622	7.745891004607e-15	23.5
29.194566011428833	60.6054428439723	49.756018529511785	7.745891004607e-15	23.5
29.244871854782104	60.6054428439723	49.756018529511785	7.745891004607e-15	23.5
29.29455852508545	60.47436162557577	50.103401076111226	7.745891004607e-15	23.5
29.344622373580933	60.47436162557577	50.103401076111226	7.745891004607e-15	23.5
29.394551277160645	60.33203788102296	50.44743220340845	7.745891004607e-15	23.5
29.444876670837402	60.33203788102296	50.44743220340845	7.745891004607e-15	23.5
29.49456286430359	60.178562355780244	50.787741640370484	7.745891004607e-15	23.5
29.544630527496338	60.178562355780244	50.787741640370484	7.745891004607e-15	23.5
29.59453797340393	60.014035443706696	51.12396057510759	7.745891004607e-15	23.5
29.644655466079712	60.014035443706696	51.12396057510759	7.745891004607e-15	23.5
29.694546222686768	59.83856795404373	51.45572221976136	7.745891004607e-15	23.5
29.744643688201904	59.83856795404373	51.45572221976136	7.745891004607e-15	23.5
29.79454803466797	59.65228162551883	51.78266235211898	7.745891004607e-15	23.5
29.84463882446289	59.65228162551883	51.78266235211898	7.745891004607e-15	23.5
29.89453411102295	59.45530945343278	52.10441983253997	7.745891004607e-15	23.5
29.944639682769775	59.45530945343278	52.10441983253997	7.745891004607e-15	23.5
29.994688987731934	59.35286086362788	52.26324318674295	7.745891004607e-15	23.5
30.044726610183716	59.24779587789562	52.42063709660478	7.745891004607e-15	23.5
30.094437837600708	59.14015780351244	52.576578189631825	7.745891004607e-15	23.5
30.144654989242554	59.02997642861421	52.73102361858708	7.745891004607e-15	23.5
30.194533109664917	58.80205484203798	53.03520684033537	7.745891004607e-15	23.5
30.244595766067505	58.80205484203798	53.03520684033537	7.745891004607e-15	23.5
30.29453754425049	58.56437396016123	53.332960612230146	7.745891004607e-15	23.5
30.34465193748474	58.44198909978488	53.479359641320954	7.745891004607e-15	23.5
30.39454174041748	58.31731120491151	53.624082833724536	7.745891004607e-15	23.5
30.444643259048462	58.31731120491151	53.624082833724536	7.745891004607e-15	23.5
30.494584321975708	58.061307624398566	53.90846864512853	7.745891004607e-15	23.5
30.544647932052612	58.061307624398566	53.90846864512853	7.745891004607e-15	23.5
30.594595432281494	57.796847369737925	54.18610723507214	7.745891004607e-15	23.5
30.64481258392334	57.796847369737925	54.18610723507214	7.745891004607e-15	23.5
30.69484806060791	57.524434096780226	54.45706509445273	7.745891004607e-15	23.5
30.74467897415161	57.38540369514563	54.59007716688997	7.745891004607e-15	23.5
30.794601440429688	57.244574738363816	54.721472000722414	7.745891004607e-15	23.5
30.844550371170044	57.244574738363816	54.721472000722414	7.745891004607e-15	23.5
30.894575119018555	56.957768555907016	54.9795093535532	7.745891004607e-15	23.5
30.94463014602661	56.81191250306855	55.10620783381607	7.745891004607e-15	23.5
30.99446964263916	56.81191250306855	55.10620783381607	7.745891004607e-15	23.5
31.044673204421997	56.6644999668087	55.23140049933796	7.745891004607e-15	23.5
31.09458899497986	56.36523406551236	55.47740271684038	7.745891004607e-15	23.5
31.144664525985718	56.36523406551236	55.47740271684038	7.745891004607e-15	23.5
31.194596767425537	56.06041405898728	55.71780057837252	7.745891004607e-15	23.5
31.244662523269653	56.06041405898728	55.71780057837252	7.745891004607e-15	23.5
31.29460096359253	55.750460055403174	55.95290044361408	7.745891004607e-15	23.5
31.34468984603882	55.750460055403174	55.95290044361408	7.745891004607e-15	23.5
31.39448881149292	55.59368269337948	56.068564179981564	7.745891004607e-15	23.5
31.444556951522827	55.43576880181312	56.18302588306381	7.745891004607e-15	23.5
31.494449138641357	55.27676438935768	56.29632806290833	7.745891004607e-15	23.5
31.544679880142212	55.11671407980809	56.40851386348107	7.745891004607e-15	23.5
31.594611167907715	54.79364754964764	56.62971155801444	7.745891004607e-15	23.5
31.644635677337646	54.79364754964764	56.62971155801444	7.745891004607e-15	23.5
31.69457745552063	54.46689989214515	56.84697366914203	7.745891004607e-15	23.5
31.744665145874023	54.46689989214515	56.84697366914203	7.745891004607e-15	23.5
31.794584035873413	54.13678213996508	57.060660173509255	7.745891004607e-15	23.5
31.84466314315796	54.13678213996508	57.060660173509255	7.745891004607e-15	23.5
31.894585132598877	53.80358712056229	57.27113441482594	7.745891004607e-15	23.5
31.94469976425171	53.80358712056229	57.27113441482594	7.745891004607e-15	23.5
31.994553804397583	53.46759095506772	57.47876148478189	7.745891004607e-15	23.5
32.04456877708435	53.46759095506772	57.47876148478189	7.745891004607e-15	23.5
32.094555616378784	53.12905457337824	57.68390684302889	7.745891004607e-15	23.5
32.14471173286438	53.12905457337824	57.68390684302889	7.745891004607e-15	23.5
32.194573640823364	52.78822521725376	57.88693513616425	7.745891004607e-15	23.5
32.24470567703247	52.78822521725376	57.88693513616425	7.745891004607e-15	23.5
32.29456448554993	52.445337911591295	58.088209182769646	7.745891004607e-15	23.5
32.3446569442749	52.445337911591295	58.088209182769646	7.745891004607e-15	23.5
32.3945894241333	52.100616890117855	58.28808909726794	7.745891004607e-15	23.5
32.44464159011841	52.100616890117855	58.28808909726794	7.745891004607e-15	23.5
32.4945855140686	51.75427696615684	58.48693152995346	7.745891004607e-15	23.5
32.54464840888977	51.75427696615684	58.48693152995346	7.745891004607e-15	23.5
32.594446659088135	51.58056479264453	58.58607403178753	7.745891004607e-15	23.5
32.644585847854614	51.406524842332416	58.685089004263645	7.745891004607e-15	23.5
32.69442367553711	51.2321818899883	58.78401977264086	7.745891004607e-15	23.5
32.74465298652649	51.05756035541247	58.88290933537815	7.745891004607e-15	23.5
32.794605016708374	50.70757765418866	59.08073511670289	7.745891004607e-15	23.5
32.84461760520935	50.70757765418866	59.08073511670289	7.745891004607e-15	23.5
32.8946008682251	50.35676630952445	59.278903262836174	7.745891004607e-15	23.5
32.94462752342224	50.35676630952445	59.278903262836174	7.745891004607e-15	23.5
32.99460816383362	50.00531235612525	59.477744598470345	7.745891004607e-15	23.5
33.044644594192505	50.00531235612525	59.477744598470345	7.745891004607e-15	23.5
33.09459590911865	49.65339925188173	59.67758345853034	7.745891004607e-15	23.5
33.14465308189392	49.65339925188173	59.67758345853034	7.745891004607e-15	23.5
33.19459342956543	49.30120876440949	59.87873730972899	7.745891004607e-15	23.5
33.24465370178223	49.30120876440949	59.87873730972899	7.745891004607e-15	23.5
33.294588804244995	48.948921766709105	60.08151635539324	7.745891004607e-15	23.5
33.34464073181152	48.948921766709105	60.08151635539324	7.745891004607e-15	23.5
33.39458775520325	48.59671875493634	60.286222801107826	7.745891004607e-15	23.5
33.444669008255005	48.59671875493634	60.286222801107826	7.745891004607e-15	23.5
33.494598388671875	48.24477363526158	60.493138826350965	7.745891004607e-15	23.5
33.54465460777283	48.24477363526158	60.493138826350965	7.745891004607e-15	23.5
33.59459853172302	47.89325423707447	60.70252443425531	7.745891004607e-15	23.5
33.64465308189392	47.89325423707447	60.70252443425531	7.745891004607e-15	23.5
33.69459009170532	47.542324029716774	60.91461762968129	7.745891004607e-15	23.5
33.74467349052429	47.542324029716774	60.91461762968129	7.745891004607e-15	23.5
33.79459238052368	47.19212771145701	61.12961170926816	7.745891004607e-15	23.5
33.84465742111206	47.19212771145701	61.12961170926816	7.745891004607e-15	23.5
33.89454460144043	46.8427878471579	61.3476531351198	7.745891004607e-15	23.5
33.94467329978943	46.8427878471579	61.3476531351198	7.745891004607e-15	23.5
33.994540214538574	46.49440706149249	61.56884845057431	7.745891004607e-15	23.5
34.04467248916626	46.49440706149249	61.56884845057431	7.745891004607e-15	23.5
34.09455108642578	46.147071908987066	61.793273119607925	7.745891004607e-15	23.5
34.14467430114746	46.147071908987066	61.793273119607925	7.745891004607e-15	23.5
34.194539070129395	45.80085662247304	62.02097937038847	7.745891004607e-15	23.5
34.244688272476196	45.80085662247304	62.02097937038847	7.745891004607e-15	23.5
34.294535398483276	45.45578521660385	62.25194066768731	7.745891004607e-15	23.5
34.34464359283447	45.45578521660385	62.25194066768731	7.745891004607e-15	23.5
34.394543409347534	45.111898941512564	62.48614292927317	7.745891004607e-15	23.5
34.44470262527466	45.111898941512564	62.48614292927317	7.745891004607e-15	23.5
34.49454045295715	44.769193525172454	62.723505844410795	7.745891004607e-15	23.5
34.54465675354004	44.769193525172454	62.723505844410795	7.745891004607e-15	23.5
34.59453749656677	44.427624064949576	62.96389905072521	7.745891004607e-15	23.5
34.64467120170593	44.427624064949576	62.96389905072521	7.745891004607e-15	23.5
34.694581508636475	44.087112018867856	63.20715673726306	7.745891004607e-15	23.5
34.74454188346863	44.087112018867856	63.20715673726306	7.745891004607e-15	23.5
34.79440689086914	43.91722759121173	63.3298099676173	7.745891004607e-15	23.5
34.844605684280396	43.74757697576304	63.45311973201113	7.745891004607e-15	23.5
34.894553661346436	43.408953554279954	63.70165596441215	7.745891004607e-15	23.5
34.94465684890747	43.408953554279954	63.70165596441215	7.745891004607e-15	23.5
34.99457931518555	43.07119485812602	63.952663010460476	7.745891004607e-15	23.5
35.04456567764282	43.07119485812602	63.952663010460476	7.745891004607e-15	23.5
35.09454822540283	42.73427041078881	64.20606373753523	7.745891004607e-15	23.5
35.14463973045349	42.73427041078881	64.20606373753523	7.745891004607e-15	23.5
35.194568157196045	42.39816272537909	64.46180059231723	7.745891004607e-15	23.5
35.244651794433594	42.39816272537909	64.46180059231723	7.745891004607e-15	23.5
35.294553995132446	42.062864094235046	64.71983054289754	7.745891004607e-15	23.5
35.34465217590332	42.062864094235046	64.71983054289754	7.745891004607e-15	23.5
35.394564151763916	41.72837400979435	64.98012111978002	7.745891004607e-15	23.5
35.444661140441895	41.72837400979435	64.98012111978002	7.745891004607e-15	23.5
35.49456334114075	41.39469721066036	65.24264746660626	7.745891004607e-15	23.5
35.54466223716736	41.39469721066036	65.24264746660626	7.745891004607e-15	23.5
35.59443712234497	41.22816702970847	65.37474366102664	7.745891004607e-15	23.5
35.644556283950806	41.06184223648168	65.50739018788957	7.745891004607e-15	23.5
35.69440937042236	40.895727064831405	65.64058856056964	7.745891004607e-15	23.5
35.744643449783325	40.56412662627028	65.9086276953908	7.745891004607e-15	23.5
35.79456925392151	40.398644861688965	66.04346556465899	7.745891004607e-15	23.5
35.84466075897217	40.398644861688965	66.04346556465899	7.745891004607e-15	23.5
35.894564151763916	40.06833037241395	66.314774765069	7.745891004607e-15	23.5
35.94465637207031	40.06833037241395	66.314774765069	7.745891004607e-15	23.5
35.99457573890686	39.738849951692764	66.5881999318394	7.745891004607e-15	23.5
36.04465913772583	39.738849951692764	66.5881999318394	7.745891004607e-15	23.5
36.09455418586731	39.41026117033031	66.86377642551277	7.745891004607e-15	23.5
36.14466214179993	39.41026117033031	66.86377642551277	7.745891004607e-15	23.5
36.19455432891846	39.08247852695213	67.1413764498473	7.745891004607e-15	23.5
36.24459958076477	39.08247852695213	67.1413764498473	7.745891004607e-15	23.5
36.29456973075867	38.755543520500936	67.42101821225604	7.745891004607e-15	23.5
36.344664335250854	38.755543520500936	67.42101821225604	7.745891004607e-15	23.5
36.394553661346436	38.42935177719247	67.70255741499459	7.745891004607e-15	23.5
36.44457817077637	38.42935177719247	67.70255741499459	7.745891004607e-15	23.5
36.494577407836914	38.10395083535381	67.98602159727996	7.745891004607e-15	23.5
36.54465436935425	38.10395083535381	67.98602159727996	7.745891004607e-15	23.5
36.594433069229126	37.94151188316091	68.12842934850958	7.745891004607e-15	23.5
36.644665479660034	37.61716896396464	68.41459395436628	7.745891004607e-15	23.5
36.694435119628906	37.61716896396464	68.41459395436628	7.745891004607e-15	23.5
36.74465894699097	37.293549879640125	68.70255221089188	7.745891004607e-15	23.5
36.79454731941223	37.13197884654086	68.84716084000256	7.745891004607e-15	23.5
36.8446478843689	36.97059792413681	68.99221964527213	7.745891004607e-15	23.5
36.89440894126892	36.97059792413681	68.99221964527213	7.745891004607e-15	23.5
36.94466280937195	36.64834765966696	69.28361487675832	7.745891004607e-15	23.5
36.99457764625549	36.48745385215317	69.42991954473523	7.745891004607e-15	23.5
37.04466795921326	36.48745385215317	69.42991954473523	7.745891004607e-15	23.5
37.094562292099	36.16621815339451	69.7238273874228	7.745891004607e-15	23.5
37.14463996887207	36.16621815339451	69.7238273874228	7.745891004607e-15	23.5
37.19457030296326	35.84561005086463	70.01933559390511	7.745891004607e-15	23.5
37.24468970298767	35.84561005086463	70.01933559390511	7.745891004607e-15	23.5
37.29455518722534	35.52570600650938	70.31650656419123	7.745891004607e-15	23.5
37.34465670585632	35.52570600650938	70.31650656419123	7.745891004607e-15	23.5
37.39457607269287	35.20642741983279	70.61524032557438	7.745891004607e-15	23.5
37.44462585449219	35.20642741983279	70.61524032557438	7.745891004607e-15	23.5
37.49456453323364	34.887853460319235	70.91560175919362	7.745891004607e-15	23.5
37.544615745544434	34.887853460319235	70.91560175919362	7.745891004607e-15	23.5
37.59455132484436	34.56998442864018	71.21757744740258	7.745891004607e-15	23.5
37.64465856552124	34.56998442864018	71.21757744740258	7.745891004607e-15	23.5
37.694597244262695	34.25284250458799	71.52117891647349	7.745891004607e-15	23.5
37.744657039642334	34.25284250458799	71.52117891647349	7.745891004607e-15	23.5
37.79456615447998	33.93650287817266	71.82647158178152	7.745891004607e-15	23.5
37.844653367996216	33.93650287817266	71.82647158178152	7.745891004607e-15	23.5
37.89455509185791	33.62105450843165	72.13353210237405	7.745891004607e-15	23.5
37.944660663604736	33.62105450843165	72.13353210237405	7.745891004607e-15	23.5
37.99458122253418	33.30657942147826	72.44242694890923	7.745891004607e-15	23.5
38.04453635215759	33.30657942147826	72.44242694890923	7.745891004607e-15	23.5
38.09440636634827	33.149729689412375	72.59757942941356	7.745891004607e-15	23.5
38.14467406272888	32.99314654654843	72.75320676352408	7.745891004607e-15	23.5
38.194565773010254	32.680764718050945	73.0658592633277	7.745891004607e-15	23.5
38.24465346336365	32.680764718050945	73.0658592633277	7.745891004607e-15	23.5
38.29455351829529	32.36952414101121	73.38044699492228	7.745891004607e-15	23.5
38.34466075897217	32.36952414101121	73.38044699492228	7.745891004607e-15	23.5
38.3945677280426	32.05934787477117	73.6968733685913	7.745891004607e-15	23.5
38.44465708732605	32.05934787477117	73.6968733685913	7.745891004607e-15	23.5
38.494548082351685	31.75029311310784	74.01516836677635	7.745891004607e-15	23.5
38.54467463493347	31.75029311310784	74.01516836677635	7.745891004607e-15	23.5
38.5945565700531	31.4422515578463	74.33520906644243	7.745891004607e-15	23.5
38.64459419250488	31.4422515578463	74.33520906644243	7.745891004607e-15	23.5
38.69454026222229	31.135279648858635	74.65702602730639	7.745891004607e-15	23.5
38.7446174621582	31.135279648858635	74.65702602730639	7.745891004607e-15	23.5
38.79455637931824	30.829270259549197	74.9805010621753	7.745891004607e-15	23.5
38.84462642669678	30.829270259549197	74.9805010621753	7.745891004607e-15	23.5
38.894574880599976	30.524286188107435	75.3056718103396	7.745891004607e-15	23.5
38.94466161727905	30.524286188107435	75.3056718103396	7.745891004607e-15	23.5
38.99487066268921	30.220302247527222	75.63250101427177	7.745891004607e-15	23.5
39.04467511177063	30.220302247527222	75.63250101427177	7.745891004607e-15	23.5
39.09456276893616	29.917326953173188	75.9609843293325	7.745891004607e-15	23.5
39.14464282989502	29.917326953173188	75.9609843293325	7.745891004607e-15	23.5
39.19444966316223	29.766236417213058	76.1258594403753	7.745891004607e-15	23.5
39.24460744857788	29.615421101003452	76.29116400235722	7.745891004607e-15	23.5
39.294569969177246	29.314653350713353	76.62308690552538	7.745891004607e-15	23.5
39.344645261764526	29.16472145173413	76.7897191874704	7.745891004607e-15	23.5
39.39461302757263	29.01509822314038	76.95680231353255	7.745891004607e-15	23.5
39.44461274147034	29.01509822314038	76.95680231353255	7.745891004607e-15	23.5
39.49458146095276	28.7168076957322	77.29233829503013	7.745891004607e-15	23.5
39.544737577438354	28.7168076957322	77.29233829503013	7.745891004607e-15	23.5
39.59463906288147	28.41982607893542	77.62971498201233	7.745891004607e-15	23.5
39.64478540420532	28.41982607893542	77.62971498201233	7.745891004607e-15	23.5
39.6945903301239	28.124192917322304	77.96894728577479	7.745891004607e-15	23.5
39.74484157562256	28.124192917322304	77.96894728577479	7.745891004607e-15	23.5
39.794618368148804	27.829942642504594	78.31004485369523	7.745891004607e-15	23.5
39.84451937675476	27.829942642504594	78.31004485369523	7.745891004607e-15	23.5
39.89440727233887	27.683346375402525	78.48129551461267	7.745891004607e-15	23.5
39.944790840148926	27.53710497469797	78.6530126670101	7.745891004607e-15	23.5
39.994598150253296	27.24565449483287	78.99780767249754	7.745891004607e-15	23.5
40.04474472999573	27.24565449483287	78.99780767249754	7.745891004607e-15	23.5
40.09455680847168	26.95566102786853	79.3444614275765	7.745891004607e-15	23.5
40.14477467536926	26.95566102786853	79.3444614275765	7.745891004607e-15	23.5
40.19456362724304	26.667020011834165	79.69286742704267	7.745891004607e-15	23.5
40.244741678237915	26.667020011834165	79.69286742704267	7.745891004607e-15	23.5
40.294565200805664	26.379776327322705	80.04303789211765	7.745891004607e-15	23.5
40.34473752975464	26.379776327322705	80.04303789211765	7.745891004607e-15	23.5
40.39458155632019	26.093800029820404	80.394850427909	7.745891004607e-15	23.5
40.44473934173584	26.093800029820404	80.394850427909	7.745891004607e-15	23.5
40.4945592880249	25.80914150339426	80.74832366179558	7.745891004607e-15	23.5
40.544718742370605	25.80914150339426	80.74832366179558	7.745891004607e-15	23.5
40.59445357322693	25.667292410121526	80.92566760099291	7.745891004607e-15	23.5
40.64473485946655	25.525756233666296	81.10340883641739	7.745891004607e-15	23.5
40.69457983970642	25.243640978975733	81.46009158346598	7.745891004607e-15	23.5
40.7447395324707	25.243640978975733	81.46009158346598	7.745891004607e-15	23.5
40.79457092285156	24.96284639672828	81.81839858098205	7.745891004607e-15	23.5
40.844727993011475	24.96284639672828	81.81839858098205	7.745891004607e-15	23.5
40.894625663757324	24.683438390693826	82.17836630659824	7.745891004607e-15	23.5
40.9447557926178	24.683438390693826	82.17836630659824	7.745891004607e-15	23.5
40.994563817977905	24.4054792693829	82.54002651577403	7.745891004607e-15	23.5
41.04472327232361	24.4054792693829	82.54002651577403	7.745891004607e-15	23.5
41.09455585479736	24.129021950562308	82.90340224928933	7.745891004607e-15	23.5
41.14473009109497	24.129021950562308	82.90340224928933	7.745891004607e-15	23.5
41.194565773010254	23.85410988088502	83.26850824349995	7.745891004607e-15	23.5
41.24472522735596	23.85410988088502	83.26850824349995	7.745891004607e-15	23.5
41.29464673995972	23.717245584546163	83.45171345038028	7.745891004607e-15	23.5
41.34479260444641	23.5807786831783	83.63535255109767	7.745891004607e-15	23.5
41.39456629753113	23.309063243336848	84.00394202801388	7.745891004607e-15	23.5
41.44472146034241	23.309063243336848	84.00394202801388	7.745891004607e-15	23.5
41.49455738067627	23.038984591781258	84.3742738926482	7.745891004607e-15	23.5
41.544787883758545	23.038984591781258	84.3742738926482	7.745891004607e-15	23.5
41.5945611000061	22.770563237292027	84.74634352805906	7.745891004607e-15	23.5
41.6447479724884	22.770563237292027	84.74634352805906	7.745891004607e-15	23.5
41.694653034210205	22.63698595382691	84.9330320150663	7.745891004607e-15	23.5
41.74474883079529	22.503830652736713	85.12015287901605	7.745891004607e-15	23.5
41.79456448554993	22.238802316789933	85.49569346437623	7.745891004607e-15	23.5
41.84469985961914	22.238802316789933	85.49569346437623	7.745891004607e-15	23.5
41.89463520050049	22.106929608557525	85.68410896637992	7.745891004607e-15	23.5
41.9447295665741	21.975484215279366	85.87295131949553	7.745891004607e-15	23.5
41.99456834793091	21.71388831490249	86.25191541866205	7.745891004607e-15	23.5
42.044785022735596	21.71388831490249	86.25191541866205	7.745891004607e-15	23.5
42.094587326049805	21.583746526360436	86.44203793374218	7.745891004607e-15	23.5
42.144790172576904	21.454041287422342	86.63258365939468	7.745891004607e-15	23.5
42.194573640823364	21.19594322842785	87.01493685715604	7.745891004607e-15	23.5
42.24473714828491	21.19594322842785	87.01493685715604	7.745891004607e-15	23.5
42.29486966133118	20.93960852643314	87.39896500947785	7.745891004607e-15	23.5
42.34478950500488	20.93960852643314	87.39896500947785	7.745891004607e-15	23.5
42.39455580711365	20.685033829583137	87.78464734204144	7.745891004607e-15	23.5
42.444766998291016	20.685033829583137	87.78464734204144	7.745891004607e-15	23.5
42.49465560913086	20.558412727387697	87.97810687423132	7.745891004607e-15	23.5
42.54478311538696	20.432234339750277	88.17197474776107	7.745891004607e-15	23.5
42.594555377960205	20.181217182290215	88.56093364868579	7.745891004607e-15	23.5
42.64472937583923	20.181217182290215	88.56093364868579	7.745891004607e-15	23.5
42.694621324539185	20.056381683378564	88.75602249016639	7.745891004607e-15	23.5
42.74475455284119	19.9319937608764	88.95151402205187	7.745891004607e-15	23.5
42.794548749923706	19.684581655722624	89.34370888710427	7.745891004607e-15	23.5
42.84473896026611	19.684581655722624	89.34370888710427	7.745891004607e-15	23.5
42.894694805145264	19.43900253331561	89.73751402253494	7.745891004607e-15	23.5
42.944769620895386	19.43900253331561	89.73751402253494	7.745891004607e-15	23.5
42.99455761909485	19.195267256777964	90.13291771077462	7.745891004607e-15	23.5
43.04468631744385	19.195267256777964	90.13291771077462	7.745891004607e-15	23.5
43.09486508369446	18.953401767450803	90.52991632550997	7.745891004607e-15	23.5
43.144774436950684	18.953401767450803	90.52991632550997	7.745891004607e-15	23.5
43.19454789161682	18.71335244100019	90.928458276616	7.745891004607e-15	23.5
43.244736433029175	18.71335244100019	90.928458276616	7.745891004607e-15	23.5
43.294650077819824	18.594035100445232	91.12831539919532	7.745891004607e-15	23.5
43.344773292541504	18.475178503673828	91.32855413977975	7.745891004607e-15	23.5
43.39455723762512	18.23874642694706	91.73010854601102	7.745891004607e-15	23.5
43.44472074508667	18.23874642694706	91.73010854601102	7.745891004607e-15	23.5
43.4946231842041	18.121203008832595	91.93143653157163	7.745891004607e-15	23.5
43.54471707344055	18.004095039554194	92.13312196827928	7.745891004607e-15	23.5
43.594562292099	17.771107676147558	92.53751344264148	7.745891004607e-15	23.5
43.64474105834961	17.771107676147558	92.53751344264148	7.745891004607e-15	23.5
43.69468545913696	17.655252434290396	92.74022950910361	7.745891004607e-15	23.5
43.744821310043335	17.539810826972687	92.94328412056964	7.745891004607e-15	23.5
43.794553995132446	17.310184761434897	93.35041252182644	7.745891004607e-15	23.5
43.84471607208252	17.310184761434897	93.35041252182644	7.745891004607e-15	23.5
43.89464831352234	17.196011752808577	93.55448995821456	7.745891004607e-15	23.5
43.94477152824402	17.082271713616905	93.75891105792559	7.745891004607e-15	23.5
43.99456596374512	16.856132766314538	94.16880026766246	7.745891004607e-15	23.5
44.044718503952026	16.856132766314538	94.16880026766246	7.745891004607e-15	23.5
44.09479069709778	16.743749584231203	94.3742735063648	7.745891004607e-15	23.5
44.14488983154297	16.63182918055698	94.58009962253456	7.745891004607e-15	23.5
44.19455623626709	16.409412556226318	94.99282142105396	7.745891004607e-15	23.5
44.2447350025177	16.409412556226318	94.99282142105396	7.745891004607e-15	23.5
44.29479718208313	16.298927572882775	95.19971921824323	7.745891004607e-15	23.5
44.344812870025635	16.18892683443239	95.40697341152311	7.745891004607e-15	23.5
44.394572496414185	15.970405869013911	95.82255668202849	7.745891004607e-15	23.5
44.444730281829834	15.970405869013911	95.82255668202849	7.745891004607e-15	23.5
44.49454212188721	15.753879123971469	96.23957006867305	7.745891004607e-15	23.5
44.54478406906128	15.753879123971469	96.23957006867305	7.745891004607e-15	23.5
44.5944619178772	15.646349427348719	96.4486005264112	7.745891004607e-15	23.5
44.64476561546326	15.539309476058293	96.65797640897901	7.745891004607e-15	23.5
44.69454336166382	15.326767819114714	97.0777875807872	7.745891004607e-15	23.5
44.74480080604553	15.326767819114714	97.0777875807872	7.745891004607e-15	23.5
44.7945671081543	15.116123628135902	97.4989219848921	7.745891004607e-15	23.5
44.84472942352295	15.116123628135902	97.4989219848921	7.745891004607e-15	23.5
44.89461636543274	14.90741574361142	97.92137708022973	7.745891004607e-15	23.5
44.94476294517517	14.90741574361142	97.92137708022973	7.745891004607e-15	23.5
44.99455261230469	14.70048225359374	98.34506081859516	7.745891004607e-15	23.5
45.04473376274109	14.70048225359374	98.34506081859516	7.745891004607e-15	23.5
45.0945405960083	14.495369877253223	98.76997652766417	7.745891004607e-15	23.5
45.144808530807495	14.495369877253223	98.76997652766417	7.745891004607e-15	23.5
45.194551944732666	14.291925950469729	99.19604027323584	7.745891004607e-15	23.5
45.24474382400513	14.291925950469729	99.19604027323584	7.745891004607e-15	23.5
45.294859409332275	14.190854267132176	99.40950842390954	7.745891004607e-15	23.5
45.34509468078613	13.98995168475128	99.83728365170111	7.745891004607e-15	23.5
45.39453959465027	13.890122553425956	100.05158838138725	7.745891004607e-15	23.5
45.444727420806885	13.890122553425956	100.05158838138725	7.745891004607e-15	23.5
45.494850635528564	13.790712804196781	100.2661719305267	7.745891004607e-15	23.5
45.54480338096619	13.691717308427686	100.48103125322629	7.745891004607e-15	23.5
45.59455466270447	13.494996624500896	100.91158608741677	7.745891004607e-15	23.5
45.64473271369934	13.494996624500896	100.91158608741677	7.745891004607e-15	23.5
45.69455313682556	13.300030271555356	101.34327665565324	7.745891004607e-15	23.5
45.744691371917725	13.300030271555356	101.34327665565324	7.745891004607e-15	23.5
45.79454565048218	13.106899228661803	101.77612882766225	7.745891004607e-15	23.5
45.84467267990112	13.106899228661803	101.77612882766225	7.745891004607e-15	23.5
45.89454889297485	12.915694792043343	102.21016992925934	7.745891004607e-15	23.5
45.94471025466919	12.915694792043343	102.21016992925934	7.745891004607e-15	23.5
45.994449853897095	12.820811519664222	102.42763070658788	7.745891004607e-15	23.5
46.04471492767334	12.72641244908527	102.6453835963449	7.745891004607e-15	23.5
46.0945463180542	12.539154074294485	103.08179280402427	7.745891004607e-15	23.5
46.14468574523926	12.539154074294485	103.08179280402427	7.745891004607e-15	23.5
46.19442963600159	12.446243542372233	103.30042476489008	7.745891004607e-15	23.5
46.24470782279968	12.353804425387064	103.51933505830739	7.745891004607e-15	23.5
46.29453682899475	12.170423051433238	103.95801566645511	7.745891004607e-15	23.5
46.34466314315796	12.170423051433238	103.95801566645511	7.745891004607e-15	23.5
46.39455223083496	11.988858489077202	104.39776079571946	7.745891004607e-15	23.5
46.444698095321655	11.988858489077202	104.39776079571946	7.745891004607e-15	23.5
46.494545459747314	11.809170228064259	104.83857693199818	7.745891004607e-15	23.5
46.544618368148804	11.809170228064259	104.83857693199818	7.745891004607e-15	23.5
46.59455704689026	11.631210170865366	105.28039464527457	7.745891004607e-15	23.5
46.64468741416931	11.631210170865366	105.28039464527457	7.745891004607e-15	23.5
46.6945526599884	11.455046847290252	105.72322501887503	7.745891004607e-15	23.5
46.744678258895874	11.455046847290252	105.72322501887503	7.745891004607e-15	23.5
46.79447317123413	11.367589460309329	105.94499819716066	7.745891004607e-15	23.5
46.84471797943115	11.280540507618865	106.16700451229164	7.745891004607e-15	23.5
46.894561529159546	11.107770148197053	106.61174888374131	7.745891004607e-15	23.5
46.94469118118286	11.107770148197053	106.61174888374131	7.745891004607e-15	23.5
46.99484324455261	11.021989243203874	106.83446293586839	7.745891004607e-15	23.5
47.044795751571655	10.936604658186605	107.05740007509625	7.745891004607e-15	23.5
47.0945520401001	10.767091021394252	107.50396191273815	7.745891004607e-15	23.5
47.14470648765564	10.767091021394252	107.50396191273815	7.745891004607e-15	23.5
47.194478034973145	10.682910703950448	107.7275645015758	7.745891004607e-15	23.5
47.244717597961426	10.599112146022565	107.95137772995002	7.745891004607e-15	23.5
47.29454946517944	10.432709023303264	108.39964809818689	7.745891004607e-15	23.5
47.344706296920776	10.432709023303264	108.39964809818689	7.745891004607e-15	23.5
47.39455223083496	10.267694694074843	108.84869767011382	7.745891004607e-15	23.5
47.444708824157715	10.267694694074843	108.84869767011382	7.745891004607e-15	23.5
47.49455142021179	10.104117219453288	109.29853312589944	7.745891004607e-15	23.5
47.544612646102905	10.104117219453288	109.29853312589944	7.745891004607e-15	23.5
47.59454131126404	9.941952218819926	109.74914244209351	7.745891004607e-15	23.5
47.64469790458679	9.941952218819926	109.74914244209351	7.745891004607e-15	23.5
47.694557428359985	9.781233900477122	110.20053750175853	7.745891004607e-15	23.5
47.74471116065979	9.781233900477122	110.20053750175853	7.745891004607e-15	23.5
47.794556617736816	9.622072255373983	110.6527559942139	7.745891004607e-15	23.5
47.84470295906067	9.622072255373983	110.6527559942139	7.745891004607e-15	23.5
47.894545555114746	9.464620026375611	111.10584701762356	7.745891004607e-15	23.5
47.94473099708557	9.464620026375611	111.10584701762356	7.745891004607e-15	23.5
47.994561195373535	9.309023230778607	111.5598535538973	7.745891004607e-15	23.5
48.04469895362854	9.309023230778607	111.5598535538973	7.745891004607e-15	23.5
48.094552516937256	9.15540295354533	112.01480695270578	7.745891004607e-15	23.5
48.144678354263306	9.15540295354533	112.01480695270578	7.745891004607e-15	23.5
48.194565534591675	9.00378854827554	112.47070445938111	7.745891004607e-15	23.5
48.244686126708984	9.00378854827554	112.47070445938111	7.745891004607e-15	23.5
48.294559478759766	8.85430449647903	112.92756748604334	7.745891004607e-15	23.5
48.34475874900818	8.85430449647903	112.92756748604334	7.745891004607e-15	23.5
48.3945574760437	8.706845924406831	113.38534961176647	7.745891004607e-15	23.5
48.44476103782654	8.706845924406831	113.38534961176647	7.745891004607e-15	23.5
48.494553089141846	8.561368315664007	113.8440159778706	7.745891004607e-15	23.5
48.54468369483948	8.561368315664007	113.8440159778706	7.745891004607e-15	23.5
48.59456753730774	8.41777295584799	114.3035142336431	7.745891004607e-15	23.5
48.6447651386261	8.41777295584799	114.3035142336431	7.745891004607e-15	23.5
48.69446110725403	8.346633213902868	114.5335547679706	7.745891004607e-15	23.5
48.744646072387695	8.27589796490829	114.76377672067748	7.745891004607e-15	23.5
48.794556617736816	8.1355483009835	115.22473078603599	7.745891004607e-15	23.5
48.84471845626831	8.1355483009835	115.22473078603599	7.745891004607e-15	23.5
48.89454507827759	7.996543948438306	115.6863119130922	7.745891004607e-15	23.5
48.944735527038574	7.996543948438306	115.6863119130922	7.745891004607e-15	23.5
48.994550704956055	7.85873915821682	116.14846825122116	7.745891004607e-15	23.5
49.04471969604492	7.85873915821682	116.14846825122116	7.745891004607e-15	23.5
49.094565868377686	7.7220837185977	116.61117898098145	7.745891004607e-15	23.5
49.144673347473145	7.7220837185977	116.61117898098145	7.745891004607e-15	23.5
49.19455075263977	7.586449194019027	117.0744041190269	7.745891004607e-15	23.5
49.24470043182373	7.586449194019027	117.0744041190269	7.745891004607e-15	23.5
49.294777154922485	7.451924384775111	117.53816494678651	7.745891004607e-15	23.5
49.344841718673706	7.451924384775111	117.53816494678651	7.745891004607e-15	23.5
49.39454412460327	7.318551043597717	118.00247383416881	7.745891004607e-15	23.5
49.44474267959595	7.318551043597717	118.00247383416881	7.745891004607e-15	23.5
49.49453854560852	7.1864311150406825	118.46736272755284	7.745891004607e-15	23.5
49.5447051525116	7.1864311150406825	118.46736272755284	7.745891004607e-15	23.5
49.594547510147095	7.05572228693403	118.93287882488448	7.745891004607e-15	23.5
49.644689321517944	7.05572228693403	118.93287882488448	7.745891004607e-15	23.5
49.694555044174194	6.926624713179621	119.39907737565196	7.745891004607e-15	23.5
49.74468970298767	6.926624713179621	119.39907737565196	7.745891004607e-15	23.5
49.79457330703735	6.799329262879118	119.86600647837255	7.745891004607e-15	23.5
49.84463596343994	6.799329262879118	119.86600647837255	7.745891004607e-15	23.5
49.894548177719116	6.673994202247747	120.3337014190419	7.745891004607e-15	23.5
49.94466996192932	6.673994202247747	120.3337014190419	7.745891004607e-15	23.5
49.994550943374634	6.550675854154946	120.8021663172629	7.745891004607e-15	23.5
50.04472064971924	6.550675854154946	120.8021663172629	7.745891004607e-15	23.5
50.094542264938354	6.429422254786003	121.27139391706078	7.745891004607e-15	23.5
50.14466881752014	6.429422254786003	121.27139391706078	7.745891004607e-15	23.5
50.1945526599884	6.3101733936924695	121.74134725456626	7.745891004607e-15	23.5
50.24470114707947	6.3101733936924695	121.74134725456626	7.745891004607e-15	23.5
50.294567584991455	6.192797025493152	122.21197340036849	7.745891004607e-15	23.5
50.34466576576233	6.192797025493152	122.21197340036849	7.745891004607e-15	23.5
50.39439845085144	6.134752171746671	122.44751944647228	7.745891004607e-15	23.5
50.44464468955994	6.077100377390031	122.6832100677213	7.745891004607e-15	23.5
50.494558334350586	5.962885564865102	123.15499815100742	7.745891004607e-15	23.5
50.54462194442749	5.962885564865102	123.15499815100742	7.745891004607e-15	23.5
50.59456658363342	5.849984580553389	123.62728862977315	7.745891004607e-15	23.5
50.64462757110596	5.849984580553389	123.62728862977315	7.745891004607e-15	23.5
50.6945686340332	5.738266785351481	124.10004333772507	7.745891004607e-15	23.5
50.744624614715576	5.738266785351481	124.10004333772507	7.745891004607e-15	23.5
50.79455924034119	5.62763485294747	124.57323334312065	7.745891004607e-15	23.5
50.844614028930664	5.62763485294747	124.57323334312065	7.745891004607e-15	23.5
50.8945734500885	5.518017778473004	125.04683685729238	7.745891004607e-15	23.5
50.944615840911865	5.518017778473004	125.04683685729238	7.745891004607e-15	23.5
50.99458193778992	5.409364300577884	125.52083738438742	7.745891004607e-15	23.5
51.0447518825531	5.409364300577884	125.52083738438742	7.745891004607e-15	23.5
51.09457993507385	5.3016376400880025	125.9952222777481	7.745891004607e-15	23.5
51.14462351799011	5.3016376400880025	125.9952222777481	7.745891004607e-15	23.5
51.194583892822266	5.194811541390008	126.46998166854334	7.745891004607e-15	23.5
51.24459910392761	5.194811541390008	126.46998166854334	7.745891004607e-15	23.5
51.29458975791931	5.088928983841756	126.94512253019388	7.745891004607e-15	23.5
51.34462285041809	5.088928983841756	126.94512253019388	7.745891004607e-15	23.5
51.394561529159546	4.983930247130323	127.42063164402896	7.745891004607e-15	23.5
51.4446222782135	4.983930247130323	127.42063164402896	7.745891004607e-15	23.5
51.49456739425659	4.879956931088191	127.89653777657571	7.745891004607e-15	23.5
51.54460000991821	4.879956931088191	127.89653777657571	7.745891004607e-15	23.5
51.594558238983154	4.777089732527108	128.37286038416158	7.745891004607e-15	23.5
51.644625186920166	4.777089732527108	128.37286038416158	7.745891004607e-15	23.5
51.69457268714905	4.675461229918902	128.84963214718496	7.745891004607e-15	23.5
51.74462842941284	4.675461229918902	128.84963214718496	7.745891004607e-15	23.5
51.79471302032471	4.625166941377673	129.08819954380533	7.745891004607e-15	23.5
51.84471249580383	4.575253559360803	129.32689549340122	7.745891004607e-15	23.5
51.89457869529724	4.476662660962077	129.80469173114884	7.745891004607e-15	23.5
51.94461917877197	4.476662660962077	129.80469173114884	7.745891004607e-15	23.5
51.99478077888489	4.428014103827744	130.04379593467866	7.745891004607e-15	23.5
52.04471039772034	4.379822775327833	130.2830401995598	7.745891004607e-15	23.5
