OPUS    ANGLE    U_D    RLD    LLD    RLW    LLW    LD   GROUP
1    1.5707963267948966    5.14444    0.0    0.0    300.0    300.0    150.0    0
2    1.5707963267948966    5.14444    0.0    0.0    300.0    300.0    150.0    0
3    1.5707963267948966    5.14444    0.0    0.0    300.0    300.0    150.0    0
4    1.5707963267948966    5.14444    0.0    0.0    300.0    300.0    150.0    0
5    1.5707963267948966    5.14444    4.444444444444445e-06    4.444444444444445e-06    300.0    300.0    150.0    0
6    1.5707963267948966    5.14444    4.444444444444445e-06    4.444444444444445e-06    300.0    300.0    150.0    0
7    1.5707963267948966    5.14444    4.444444444444445e-06    4.444444444444445e-06    300.0    300.0    150.0    0
8    1.5707963267948966    5.14444    4.444444444444445e-06    4.444444444444445e-06    300.0    300.0    150.0    0
9    1.5707963267948966    5.14444    8.88888888888889e-06    8.88888888888889e-06    300.0    300.0    150.0    0
10    1.5707963267948966    5.14444    8.88888888888889e-06    8.88888888888889e-06    300.0    300.0    150.0    0
11    1.5707963267948966    5.14444    8.88888888888889e-06    8.88888888888889e-06    300.0    300.0    150.0    0
12    1.5707963267948966    5.14444    8.88888888888889e-06    8.88888888888889e-06    300.0    300.0    150.0    0
13    1.5707963267948966    5.14444    1.3333333333333333e-05    1.3333333333333333e-05    300.0    300.0    150.0    0
14    1.5707963267948966    5.14444    1.3333333333333333e-05    1.3333333333333333e-05    300.0    300.0    150.0    0
15    1.5707963267948966    5.14444    1.3333333333333333e-05    1.3333333333333333e-05    300.0    300.0    150.0    0
16    1.5707963267948966    5.14444    1.3333333333333333e-05    1.3333333333333333e-05    300.0    300.0    150.0    0
17    1.5707963267948966    5.14444    1.777777777777778e-05    1.777777777777778e-05    300.0    300.0    150.0    0
18    1.5707963267948966    5.14444    1.777777777777778e-05    1.777777777777778e-05    300.0    300.0    150.0    0
19    1.5707963267948966    5.14444    1.777777777777778e-05    1.777777777777778e-05    300.0    300.0    150.0    0
20    1.5707963267948966    5.14444    1.777777777777778e-05    1.777777777777778e-05    300.0    300.0    150.0    0
21    1.5707963267948966    5.14444    2.2222222222222223e-05    2.2222222222222223e-05    300.0    300.0    150.0    0
22    1.5707963267948966    5.14444    2.2222222222222223e-05    2.2222222222222223e-05    300.0    300.0    150.0    0
23    1.5707963267948966    5.14444    2.2222222222222223e-05    2.2222222222222223e-05    300.0    300.0    150.0    0
24    1.5707963267948966    5.14444    2.2222222222222223e-05    2.2222222222222223e-05    300.0    300.0    150.0    0
25    1.5707963267948966    5.14444    2.6666666666666667e-05    2.6666666666666667e-05    300.0    300.0    150.0    0
26    1.5707963267948966    5.14444    2.6666666666666667e-05    2.6666666666666667e-05    300.0    300.0    150.0    0
27    1.5707963267948966    5.14444    2.6666666666666667e-05    2.6666666666666667e-05    300.0    300.0    150.0    0
28    1.5707963267948966    5.14444    2.6666666666666667e-05    2.6666666666666667e-05    300.0    300.0    150.0    0
29    1.5707963267948966    5.14444    3.111111111111111e-05    3.111111111111111e-05    300.0    300.0    150.0    0
30    1.5707963267948966    5.14444    3.111111111111111e-05    3.111111111111111e-05    300.0    300.0    150.0    0
31    1.5707963267948966    5.14444    3.111111111111111e-05    3.111111111111111e-05    300.0    300.0    150.0    0
32    1.5707963267948966    5.14444    3.111111111111111e-05    3.111111111111111e-05    300.0    300.0    150.0    0
33    1.5707963267948966    5.14444    3.555555555555556e-05    3.555555555555556e-05    300.0    300.0    150.0    0
34    1.5707963267948966    5.14444    3.555555555555556e-05    3.555555555555556e-05    300.0    300.0    150.0    0
35    1.5707963267948966    5.14444    3.555555555555556e-05    3.555555555555556e-05    300.0    300.0    150.0    0
36    1.5707963267948966    5.14444    3.555555555555556e-05    3.555555555555556e-05    300.0    300.0    150.0    0
37    1.5707963267948966    5.14444    3.9999999999999996e-05    3.9999999999999996e-05    300.0    300.0    150.0    0
38    1.5707963267948966    5.14444    3.9999999999999996e-05    3.9999999999999996e-05    300.0    300.0    150.0    0
39    1.5707963267948966    5.14444    3.9999999999999996e-05    3.9999999999999996e-05    300.0    300.0    150.0    0
40    1.5707963267948966    5.14444    3.9999999999999996e-05    3.9999999999999996e-05    300.0    300.0    150.0    0
41    1.5707963267948966    5.14444    4.4444444444444447e-05    4.4444444444444447e-05    300.0    300.0    150.0    0
42    1.5707963267948966    5.14444    4.4444444444444447e-05    4.4444444444444447e-05    300.0    300.0    150.0    0
43    1.5707963267948966    5.14444    4.4444444444444447e-05    4.4444444444444447e-05    300.0    300.0    150.0    0
44    1.5707963267948966    5.14444    4.4444444444444447e-05    4.4444444444444447e-05    300.0    300.0    150.0    0
45    1.5707963267948966    5.14444    4.888888888888889e-05    4.888888888888889e-05    300.0    300.0    150.0    0
46    1.5707963267948966    5.14444    4.888888888888889e-05    4.888888888888889e-05    300.0    300.0    150.0    0
47    1.5707963267948966    5.14444    4.888888888888889e-05    4.888888888888889e-05    300.0    300.0    150.0    0
48    1.5707963267948966    5.14444    4.888888888888889e-05    4.888888888888889e-05    300.0    300.0    150.0    0
49    1.5707963267948966    5.14444    5.333333333333333e-05    5.333333333333333e-05    300.0    300.0    150.0    0
50    1.5707963267948966    5.14444    5.333333333333333e-05    5.333333333333333e-05    300.0    300.0    150.0    0
51    1.5707963267948966    5.14444    5.333333333333333e-05    5.333333333333333e-05    300.0    300.0    150.0    0
52    1.5707963267948966    5.14444    5.333333333333333e-05    5.333333333333333e-05    300.0    300.0    150.0    0
53    1.5707963267948966    5.14444    5.7777777777777776e-05    5.7777777777777776e-05    300.0    300.0    150.0    0
54    1.5707963267948966    5.14444    5.7777777777777776e-05    5.7777777777777776e-05    300.0    300.0    150.0    0
55    1.5707963267948966    5.14444    5.7777777777777776e-05    5.7777777777777776e-05    300.0    300.0    150.0    0
56    1.5707963267948966    5.14444    5.7777777777777776e-05    5.7777777777777776e-05    300.0    300.0    150.0    0
57    1.5707963267948966    5.14444    6.222222222222222e-05    6.222222222222222e-05    300.0    300.0    150.0    0
58    1.5707963267948966    5.14444    6.222222222222222e-05    6.222222222222222e-05    300.0    300.0    150.0    0
59    1.5707963267948966    5.14444    6.222222222222222e-05    6.222222222222222e-05    300.0    300.0    150.0    0
60    1.5707963267948966    5.14444    6.222222222222222e-05    6.222222222222222e-05    300.0    300.0    150.0    0
61    1.5707963267948966    5.14444    6.666666666666667e-05    6.666666666666667e-05    300.0    300.0    150.0    0
62    1.5707963267948966    5.14444    6.666666666666667e-05    6.666666666666667e-05    300.0    300.0    150.0    0
63    1.5707963267948966    5.14444    6.666666666666667e-05    6.666666666666667e-05    300.0    300.0    150.0    0
64    1.5707963267948966    5.14444    6.666666666666667e-05    6.666666666666667e-05    300.0    300.0    150.0    0
65    1.5707963267948966    5.14444    7.111111111111112e-05    7.111111111111112e-05    300.0    300.0    150.0    0
66    1.5707963267948966    5.14444    7.111111111111112e-05    7.111111111111112e-05    300.0    300.0    150.0    0
67    1.5707963267948966    5.14444    7.111111111111112e-05    7.111111111111112e-05    300.0    300.0    150.0    0
68    1.5707963267948966    5.14444    7.111111111111112e-05    7.111111111111112e-05    300.0    300.0    150.0    0
69    1.5707963267948966    5.14444    7.555555555555556e-05    7.555555555555556e-05    300.0    300.0    150.0    0
70    1.5707963267948966    5.14444    7.555555555555556e-05    7.555555555555556e-05    300.0    300.0    150.0    0
71    1.5707963267948966    5.14444    7.555555555555556e-05    7.555555555555556e-05    300.0    300.0    150.0    0
72    1.5707963267948966    5.14444    7.555555555555556e-05    7.555555555555556e-05    300.0    300.0    150.0    0
73    1.5707963267948966    5.14444    7.999999999999999e-05    7.999999999999999e-05    300.0    300.0    150.0    0
74    1.5707963267948966    5.14444    7.999999999999999e-05    7.999999999999999e-05    300.0    300.0    150.0    0
75    1.5707963267948966    5.14444    7.999999999999999e-05    7.999999999999999e-05    300.0    300.0    150.0    0
76    1.5707963267948966    5.14444    7.999999999999999e-05    7.999999999999999e-05    300.0    300.0    150.0    0